1 0.65706 0.714575 0.0828459 0.190403
1 0.958387 0.691612 0.0817747 0.174581
1 0.280369 0.756167 0.0913316 0.190002
1 0.551659 0.559414 0.0692297 0.160952
1 0.45445 0.544899 0.0844213 0.189981
1 0.507817 0.753396 0.0766963 0.173035
1 0.762642 0.49706 0.0792138 0.16601
1 0.7406 0.719693 0.0727579 0.172277
1 0.815077 0.712644 0.0710854 0.139371
1 0.116082 0.773996 0.0621349 0.172913
1 0.646123 0.530323 0.0607437 0.167567
2 0.852415 0.0632451 0.03619 0.0710346
2 0.924408 0.046075 0.0387112 0.0650862
1 0.368068 0.562509 0.0634553 0.17091
2 0.374286 0.108923 0.0352221 0.0678239
2 0.775357 0.0281518 0.0338941 0.0534865
2 0.41518 0.0833353 0.0339077 0.0641456
2 0.867138 0.0140898 0.0248802 0.0280966
2 0.428124 0.0781088 0.0376932 0.0659503
2 0.458958 0.0623078 0.0343098 0.0557583
2 0.385137 0.10716 0.0395005 0.0677445
2 0.822272 0.0364761 0.0209564 0.0596525
2 0.895926 0.0572894 0.029933 0.0712629
2 0.43416 0.06668 0.0391184 0.0645648
2 0.718779 0.017735 0.0590036 0.0342805
