1 0.331902 0.481877 0.141337 0.184888
1 0.83348 0.880577 0.145538 0.202926
1 0.263524 0.546141 0.152613 0.192927
1 0.698757 0.0930365 0.146238 0.181838
1 0.156439 0.694277 0.151198 0.196345
1 0.566409 0.200471 0.14248 0.178788
1 0.39336 0.413096 0.126494 0.161296
1 0.505097 0.282274 0.146561 0.186953
1 0.088171 0.481944 0.131298 0.176032
1 0.9493 0.451376 0.1014 0.205524
1 0.240101 0.259743 0.130519 0.168161
1 0.155225 0.383258 0.129435 0.170418
1 0.0346505 0.565933 0.068999 0.168578
1 0.728028 0.951439 0.176455 0.0971229
1 0.957482 0.772607 0.0846699 0.176031
1 0.511841 0.0328628 0.102949 0.0650357
1 0.0239244 0.874743 0.0478489 0.189136
