1 0.460391 0.555884 0.0395176 0.0866737
1 0.689329 0.137576 0.0349689 0.0747771
1 0.767396 0.136441 0.0372206 0.0768232
1 0.85314 0.15164 0.0415108 0.0725429
1 0.568739 0.127314 0.040544 0.0769613
1 0.405441 0.545049 0.0396532 0.0789037
1 0.370965 0.10843 0.0449905 0.0770981
1 0.544087 0.565585 0.0393701 0.078614
1 0.495493 0.0642195 0.034507 0.072686
1 0.315997 0.0986326 0.0583518 0.0754983
1 0.980029 0.149479 0.038773 0.0806833
1 0.936478 0.0859888 0.0357449 0.0715594
1 0.281406 0.198716 0.0482295 0.0709974
