1 0.535771 0.333961 0.0554854 0.033785
1 0.450358 0.417465 0.0774157 0.0396329
1 0.194471 0.268356 0.0774133 0.0444093
1 0.263324 0.388944 0.0770315 0.0475194
1 0.23274 0.545086 0.0826943 0.04215
1 0.52301 0.65366 0.0754278 0.0416559
1 0.17374 0.353283 0.0768204 0.0443881
1 0.532266 0.468103 0.0533366 0.0373613
1 0.44353 0.48185 0.0878562 0.0492232
1 0.0694373 0.0724289 0.0883391 0.0608743
1 0.533956 0.376649 0.0530761 0.0382375
1 0.530738 0.422536 0.0572296 0.0369305
1 0.531349 0.515492 0.0540531 0.0378964
1 0.153934 0.476853 0.0750245 0.0495186
1 0.541483 0.296968 0.0499458 0.0304365
1 0.449071 0.356781 0.0571059 0.0494206
