2 0.282798 0.743102 0.0452861 0.0451511
2 0.260088 0.704874 0.0499001 0.0454164
2 0.921182 0.658483 0.0393192 0.0553544
2 0.211803 0.623239 0.0348639 0.0418307
2 0.101876 0.408403 0.0494422 0.0500625
2 0.441391 0.899488 0.0190176 0.0506563
2 0.300583 0.771544 0.0421227 0.0532982
2 0.134435 0.479439 0.053631 0.0557071
2 0.124049 0.454459 0.0424902 0.0460732
2 0.958565 0.633553 0.0316994 0.0555097
2 0.423199 0.898082 0.0155058 0.0458133
2 0.319442 0.797579 0.0405056 0.0446379
2 0.246086 0.674708 0.0464507 0.0452985
2 0.235588 0.649738 0.0454342 0.037387
2 0.0757436 0.357677 0.0461128 0.0419458
2 0.396775 0.904848 0.0361001 0.0620255
2 0.200956 0.606369 0.0371515 0.0399256
2 0.354747 0.849561 0.0476924 0.0529342
2 0.889615 0.66728 0.0314154 0.0545529
2 0.174251 0.565867 0.0492414 0.0478647
2 0.376047 0.901016 0.0371301 0.0526867
2 0.188338 0.579916 0.0424897 0.0434628
2 0.984981 0.613236 0.0300375 0.0667512
2 0.339645 0.835467 0.0503698 0.0520852
2 0.333606 0.827128 0.044941 0.0450866
2 0.325868 0.809159 0.0435023 0.0424886
1 0.215125 0.0380213 0.0319098 0.029335
2 0.330952 0.817077 0.044167 0.0464709
2 0.194789 0.596022 0.0377968 0.0399508
2 0.965723 0.625159 0.0381802 0.0558567
2 0.237161 0.10156 0.0318862 0.0274214
2 0.182594 0.573583 0.0462897 0.0438871
2 0.873528 0.675144 0.0435238 0.0642152
2 0.854968 0.694371 0.0278214 0.0522392
2 0.206367 0.618014 0.0390022 0.0410699
1 0.206497 0.0146823 0.0417523 0.0293646
2 0.360113 0.861415 0.049884 0.0619507
2 0.220135 0.62718 0.0434415 0.0389328
2 0.244132 0.125757 0.0403863 0.0406397
1 0.224913 0.0588045 0.0357847 0.0308723
2 0.386885 0.902696 0.0484367 0.0566595
2 0.864545 0.682894 0.0311855 0.05091
2 0.434497 0.898114 0.0186905 0.048745
