2 0.450454 0.535046 0.0445803 0.0278158
2 0.45829 0.568905 0.0453346 0.0369397
2 0.37925 0.116434 0.0443659 0.0223165
2 0.370089 0.0509934 0.0407732 0.0238504
2 0.439519 0.487268 0.0449152 0.0238099
2 0.434662 0.449236 0.0429872 0.0235528
2 0.386976 0.196077 0.0413368 0.0268253
2 0.554405 0.758263 0.0192298 0.0510321
2 0.468952 0.601801 0.0420088 0.0283279
2 0.490155 0.729095 0.0422728 0.0428495
2 0.481678 0.686718 0.0644131 0.0402017
2 0.473349 0.646353 0.0482567 0.0345556
2 0.536283 0.749374 0.0243041 0.046146
2 0.507871 0.742232 0.0410941 0.0534165
2 0.542174 0.972746 0.0404929 0.0327477
2 0.378668 0.171526 0.0357013 0.0267922
2 0.549749 0.954353 0.0357166 0.0392458
2 0.470039 0.62241 0.041954 0.0240374
2 0.430583 0.429491 0.0403586 0.0218297
2 0.430048 0.422629 0.0387051 0.0243837
2 0.406722 0.337236 0.0396024 0.034374
2 0.414293 0.301715 0.0541486 0.0328572
2 0.632678 0.934546 0.0418732 0.0618293
0 0.640776 0.834387 0.0194449 0.0421965
0 0.127923 0.417947 0.0147032 0.0286405
2 0.660502 0.935694 0.02686 0.0484688
2 0.349893 0.00491991 0.0449076 0.00983982
2 0.425919 0.41601 0.0338621 0.0237719
