2 0.35592 0.591409 0.0406882 0.0224481
2 0.359423 0.162675 0.0432355 0.046366
2 0.358724 0.506077 0.0446006 0.0242722
2 0.347705 0.181988 0.0352422 0.0467335
2 0.356801 0.722098 0.0432664 0.026933
2 0.352877 0.554782 0.0400113 0.0218952
2 0.342386 0.401391 0.0500786 0.0531206
2 0.357407 0.626921 0.0405153 0.0225449
2 0.358479 0.677372 0.0476977 0.032536
2 0.302979 0.371057 0.0337973 0.0581645
2 0.366784 0.105053 0.042592 0.0195755
2 0.358075 0.461277 0.0470827 0.0281291
2 0.322642 0.391084 0.0403597 0.0520053
2 0.353214 0.853486 0.0516934 0.0301936
2 0.316007 0.380694 0.0463189 0.05469
2 0.357696 0.435494 0.0492255 0.0414103
2 0.355011 0.53417 0.041527 0.0213704
2 0.306509 0.186436 0.0245716 0.0376408
2 0.35795 0.425782 0.0539582 0.0487147
2 0.261879 0.173086 0.0317985 0.0540646
2 0.3644 0.81021 0.042611 0.0322316
2 0.365771 0.0839128 0.0396891 0.0258141
2 0.354469 0.542043 0.0411966 0.0244676
2 0.353408 0.175739 0.0412877 0.0543846
2 0.356706 0.880492 0.0558227 0.0249438
2 0.287698 0.195572 0.0214621 0.0388291
2 0.357955 0.454439 0.0442643 0.0283262
