0 0.429669 0.637288 0.0169668 0.0454926
0 0.377486 0.67358 0.0208031 0.0424309
0 0.664808 0.313854 0.021133 0.0457804
0 0.416589 0.610245 0.0166051 0.0408196
0 0.684737 0.42455 0.0195757 0.052585
0 0.769648 0.370485 0.0140911 0.050106
0 0.602643 0.781147 0.0187565 0.0495552
0 0.699763 0.348569 0.0149538 0.0397048
0 0.55406 0.661094 0.02458 0.0370357
0 0.788439 0.345502 0.0156004 0.0329403
0 0.854425 0.426914 0.0150911 0.0338543
0 0.310404 0.708128 0.018562 0.0436594
0 0.874846 0.412163 0.0169716 0.0497916
