0 0.431177 0.573368 0.013236 0.0394175
0 0.508333 0.56242 0.0114261 0.0359348
0 0.692539 0.377338 0.0136389 0.0420669
0 0.462904 0.56425 0.0155405 0.0476383
0 0.5526 0.623881 0.0136753 0.0311155
0 0.731936 0.385906 0.0123249 0.0277638
0 0.49674 0.541262 0.0150782 0.0385749
0 0.710122 0.414564 0.0153148 0.0407075
0 0.743602 0.410246 0.0137086 0.0297626
0 0.549379 0.546186 0.0158386 0.0309575
0 0.423076 0.520099 0.0123714 0.0371369
0 0.502611 0.540813 0.01607 0.0356103
0 0.666888 0.391028 0.0151505 0.028483
0 0.424024 0.508006 0.0147682 0.0385304
