0 0.357413 0.762527 0.0257314 0.0579319
0 0.384318 0.656783 0.0226008 0.0454745
0 0.78395 0.189197 0.0204893 0.0422288
0 0.316895 0.788722 0.0203462 0.0501775
0 0.816072 0.279857 0.0152195 0.0389062
0 0.397195 0.723688 0.022974 0.0597672
0 0.284881 0.823632 0.0253415 0.0462888
0 0.679766 0.256231 0.0163021 0.0438398
0 0.525606 0.741372 0.0240335 0.0419555
0 0.284754 0.662158 0.0175225 0.0274401
0 0.792085 0.285095 0.0168874 0.0283834
0 0.927903 0.260355 0.0194237 0.040389
0 0.783036 0.237912 0.0190524 0.043849
0 0.296057 0.450465 0.0242999 0.0562885
0 0.244707 0.384454 0.0187345 0.0468541
0 0.807549 0.282811 0.0137604 0.037535
0 0.717372 0.40869 0.0233221 0.0409054
0 0.284562 0.651726 0.0202683 0.0465496
0 0.586547 0.93819 0.0256904 0.0545256
