0 0.70793 0.405881 0.0166774 0.0408196
0 0.684143 0.347761 0.0171805 0.0445551
0 0.731913 0.4134 0.0187014 0.0405901
0 0.702613 0.316058 0.0176748 0.0493532
0 0.38042 0.772 0.0184554 0.0411242
0 0.355955 0.557798 0.0212681 0.0518007
0 0.537494 0.64901 0.0254519 0.0375392
0 0.367649 0.632879 0.0191332 0.0424298
0 0.858052 0.40052 0.0141911 0.0469637
0 0.37033 0.665279 0.0183246 0.0405269
0 0.368948 0.64465 0.0204276 0.0649459
0 0.447795 0.659846 0.020191 0.0380368
0 0.586245 0.72149 0.0234448 0.0371591
0 0.765488 0.376892 0.0131369 0.02026
0 0.7494 0.376459 0.013657 0.0243043
