0 0.46822 0.628838 0.0242547 0.0537343
0 0.415421 0.741876 0.0208597 0.0530241
0 0.339705 0.669259 0.021419 0.0525872
0 0.747374 0.148355 0.0203952 0.0510153
0 0.600295 0.737482 0.0294645 0.0429962
0 0.0918571 0.688413 0.0293446 0.0560868
0 0.853093 0.201592 0.0235184 0.0582913
0 0.818755 0.195314 0.0213558 0.045424
0 0.515789 0.667669 0.0199753 0.0348105
0 0.4366 0.562671 0.0267729 0.037752
0 0.882835 0.25695 0.0246012 0.0433305
0 0.545234 0.652238 0.0252996 0.0470049
0 0.852203 0.289492 0.023798 0.0377603
0 0.847472 0.302197 0.0290556 0.0452187
0 0.142546 0.751346 0.0303808 0.0561051
