0 0.379023 0.446061 0.0234492 0.0432265
0 0.607477 0.475297 0.0223768 0.0400919
0 0.556079 0.440824 0.01626 0.0362511
0 0.688404 0.843363 0.0249259 0.0385077
0 0.941276 0.280668 0.0221008 0.0539303
0 0.568099 0.393368 0.0206397 0.0377046
0 0.89201 0.218147 0.0206768 0.0437127
0 0.593719 0.735707 0.0165759 0.0418916
0 0.535376 0.553431 0.0212061 0.0521873
0 0.835715 0.184152 0.0232569 0.0444828
0 0.948761 0.424808 0.0256678 0.050319
0 0.577866 0.675413 0.0246079 0.041796
0 0.630938 0.617571 0.0155079 0.0453578
0 0.340122 0.372014 0.0282243 0.0412665
0 0.631231 0.71819 0.0138369 0.0333132
