0 0.130857 0.3217 0.0166257 0.0425663
0 0.338514 0.603019 0.0153056 0.0466188
0 0.671177 0.439635 0.0165959 0.0319327
0 0.665943 0.541018 0.0177302 0.0396121
0 0.357533 0.631162 0.0164891 0.0489628
0 0.61129 0.40039 0.0181223 0.0417402
0 0.389481 0.565439 0.0176004 0.0368778
0 0.491918 0.76597 0.0165204 0.0477413
0 0.712429 0.455473 0.0171452 0.0457144
0 0.456742 0.667489 0.0131257 0.0328931
0 0.591318 0.85909 0.0279563 0.0377582
0 0.370368 0.607722 0.0158353 0.033988
0 0.619658 0.469062 0.0184696 0.0363661
