0 0.447912 0.621523 0.0192131 0.034161
0 0.126365 0.247681 0.0185414 0.0449391
0 0.69892 0.594955 0.0204304 0.0456367
0 0.584423 0.471278 0.0180309 0.0436399
0 0.49801 0.481785 0.0193243 0.0437471
0 0.796628 0.708933 0.0193257 0.0404065
0 0.535062 0.498711 0.0187668 0.0316117
0 0.801149 0.166721 0.0206081 0.0380378
0 0.520385 0.625647 0.0194918 0.0489206
0 0.813302 0.087957 0.0230125 0.0490851
0 0.585659 0.542246 0.0225901 0.0338616
0 0.883303 0.102778 0.017337 0.0393145
0 0.88798 0.311682 0.0181095 0.040343
0 0.86121 0.170675 0.0195789 0.0359014
0 0.676478 0.735947 0.0253923 0.0417701
0 0.672288 0.631047 0.0161201 0.0397975
0 0.877083 0.219144 0.0240124 0.0229737
0 0.72109 0.153998 0.0261233 0.0441787
