0 0.0999603 0.352114 0.0216165 0.0443218
0 0.473525 0.524317 0.0204233 0.0380569
0 0.508164 0.618392 0.0160246 0.0443215
0 0.688864 0.541374 0.0225193 0.052248
0 0.785234 0.189518 0.0198381 0.0424027
0 0.645093 0.681667 0.0229592 0.0393186
0 0.548526 0.571571 0.0159384 0.041224
0 0.680438 0.559052 0.0173958 0.0293257
0 0.819824 0.23648 0.0146196 0.0307268
0 0.682958 0.550865 0.0185127 0.0424449
0 0.742915 0.24096 0.0371301 0.0453279
0 0.787589 0.18357 0.0195102 0.0364768
0 0.753533 0.241661 0.0248256 0.0467686
0 0.736832 0.235487 0.0277735 0.0374223
0 0.560495 0.619147 0.0230743 0.043626
