1 0.667561 0.715326 0.0923624 0.179986
1 0.492312 0.559274 0.0920662 0.183258
1 0.694748 0.178401 0.0901744 0.163406
1 0.180985 0.605092 0.0870585 0.178382
1 0.101829 0.614929 0.0834723 0.174952
1 0.261735 0.244427 0.0734875 0.129501
1 0.112829 0.799399 0.0748734 0.169573
1 0.5163 0.73112 0.0813259 0.176514
1 0.178856 0.122417 0.0779007 0.137538
1 0.938814 0.488622 0.0814484 0.160835
1 0.573186 0.0672982 0.0752439 0.124802
1 0.0578319 0.276459 0.073097 0.13905
1 0.126043 0.272164 0.0635637 0.103847
1 0.866072 0.49602 0.0805687 0.160594
1 0.275697 0.105478 0.0733474 0.134799
1 0.376268 0.0831646 0.0517729 0.11961
1 0.473753 0.0766496 0.0639084 0.134386
1 0.650958 0.0584183 0.079308 0.116837
1 0.0805899 0.132489 0.0616409 0.140658
1 0.846418 0.0386452 0.0738596 0.0766677
1 0.434475 0.748409 0.0646198 0.157104
1 0.0134999 0.292293 0.023442 0.152438
