1 0.641232 0.646672 0.0519289 0.088793
1 0.953543 0.676607 0.0488375 0.0744309
1 0.900202 0.50112 0.0406864 0.0645257
1 0.92743 0.444237 0.0365967 0.0631684
1 0.715 0.433799 0.0414182 0.0690398
1 0.89166 0.752835 0.0511398 0.0903296
1 0.730627 0.726504 0.0695949 0.103409
1 0.848753 0.437916 0.0405022 0.0644048
1 0.946934 0.510184 0.0371216 0.0615312
1 0.843803 0.500227 0.037706 0.0675976
1 0.496866 0.481993 0.049301 0.0817691
1 0.897742 0.66497 0.0464317 0.0757864
1 0.739885 0.493422 0.0447455 0.0631108
