1 0.193641 0.866822 0.0896628 0.190035
1 0.664366 0.536825 0.0540726 0.0951829
1 0.326714 0.364239 0.0708446 0.152771
1 0.593975 0.529249 0.0585002 0.138628
1 0.744064 0.390059 0.0598675 0.136611
1 0.665458 0.90236 0.0634197 0.164868
1 0.639742 0.384416 0.0607616 0.133233
1 0.954114 0.396333 0.0690491 0.126573
1 0.809936 0.543874 0.0598088 0.135804
1 0.509639 0.520606 0.0600744 0.125168
1 0.8445 0.3957 0.0604143 0.133926
1 0.360001 0.509335 0.0619517 0.111252
1 0.522582 0.373889 0.0602596 0.154077
1 0.337076 0.984336 0.0614852 0.0312266
3 0.582407 0.900989 0.0626633 0.166866
1 0.0120191 0.492705 0.0238175 0.155912
1 0.522972 0.401437 0.0583691 0.0923945
1 0.582288 0.880783 0.0550722 0.122495
