1 0.618458 0.73808 0.0485517 0.0894692
1 0.674918 0.663955 0.0486855 0.0762073
1 0.774988 0.435573 0.0434308 0.0687068
1 0.366984 0.651775 0.0517314 0.0863311
1 0.707848 0.437812 0.0449613 0.069138
1 0.91457 0.435447 0.0436264 0.0710071
1 0.461112 0.726603 0.0578743 0.0942411
1 0.846671 0.434524 0.0386309 0.0598783
1 0.564225 0.434607 0.0407167 0.0663213
1 0.43312 0.437912 0.0402639 0.0647113
1 0.218638 0.496289 0.0434971 0.0796615
1 0.6211 0.657555 0.0492888 0.0811919
1 0.841024 0.742601 0.0475796 0.0844209
1 0.640947 0.438149 0.0374739 0.062206
1 0.661575 0.501393 0.0381083 0.0575808
1 0.562279 0.496424 0.0411623 0.0678927
1 0.756367 0.497424 0.0447025 0.0626716
1 0.616018 0.492045 0.0432407 0.0674704
1 0.982024 0.439921 0.0354012 0.0646122
1 0.892021 0.663394 0.0526745 0.0820334
1 0.898565 0.742996 0.0486607 0.0939753
