2 0.520939 0.779236 0.0545568 0.0561132
2 0.458776 0.62141 0.0472485 0.0483376
2 0.258719 0.82646 0.0547513 0.0584409
2 0.176369 0.956115 0.0518013 0.0417857
2 0.505954 0.751838 0.0541996 0.0548711
1 0.826335 0.508105 0.053516 0.1264
2 0.486007 0.714957 0.0561031 0.0620477
2 0.166176 0.926226 0.0519012 0.0475376
1 0.875573 0.0959429 0.0552322 0.119731
2 0.441346 0.669888 0.0389316 0.0597023
2 0.265206 0.758472 0.0447221 0.0611151
2 0.560147 0.870056 0.052379 0.0494537
2 0.568506 0.890543 0.0513195 0.0486212
2 0.392338 0.695266 0.0463857 0.0578282
2 0.203566 0.786376 0.0477341 0.0504205
2 0.47392 0.642581 0.0470042 0.0475279
2 0.331896 0.850302 0.0581911 0.0641849
2 0.279433 0.873403 0.0484192 0.0513482
2 0.300516 0.912655 0.0486271 0.0659618
2 0.350717 0.888002 0.0498556 0.0501895
2 0.434328 0.577569 0.0483274 0.0399199
2 0.36745 0.906731 0.0526342 0.0567176
2 0.159383 0.811018 0.0388043 0.058163
2 0.40292 0.981081 0.0525291 0.037837
2 0.541621 0.824421 0.0484472 0.0479965
2 0.182759 0.982801 0.0521947 0.0331442
2 0.537325 0.802264 0.0579057 0.0586164
2 0.421904 0.548679 0.037401 0.0362977
2 0.396492 0.963705 0.0489648 0.0435902
2 0.147267 0.875669 0.0473968 0.0380967
2 0.356814 0.710687 0.035706 0.0605317
2 0.386101 0.945031 0.0541529 0.0491863
2 0.381769 0.929805 0.0527379 0.0451728
0 0.861077 0.713693 0.0363651 0.0600783
