1 0.730756 0.369876 0.0376848 0.0619605
1 0.4023 0.386757 0.0319627 0.06354
1 0.217513 0.392511 0.0299495 0.0602177
1 0.288461 0.213932 0.0312024 0.0489757
1 0.84076 0.363981 0.0372242 0.0621654
1 0.766785 0.17339 0.0390806 0.0612882
1 0.292613 0.389991 0.0302733 0.0613083
1 0.336515 0.252878 0.0317892 0.0511881
1 0.408776 0.244285 0.0326408 0.0476365
3 0.107038 0.374425 0.0541586 0.137279
1 0.0924571 0.267338 0.0288445 0.0528493
1 0.530075 0.19634 0.0263174 0.0432982
1 0.33206 0.206627 0.0273667 0.0405058
2 0.518798 0.078499 0.0307892 0.0439639
1 0.9193 0.202636 0.0413654 0.0629833
1 0.231037 0.255381 0.0308335 0.0502006
1 0.266483 0.255829 0.0322157 0.051072
0 0.791559 0.197852 0.0125244 0.0355339
1 0.577726 0.192801 0.0290401 0.0507873
1 0.48038 0.203636 0.0296514 0.042846
2 0.481168 0.079458 0.0206623 0.038486
2 0.403689 0.0975727 0.0239888 0.0352576
1 0.106754 0.375952 0.0557579 0.134538
3 0.840592 0.363776 0.039179 0.0631804
2 0.378746 0.0959508 0.021164 0.0303406
2 0.502973 0.09606 0.0196711 0.0325864
2 0.488349 0.0771397 0.0177217 0.0356299
2 0.407224 0.0928175 0.021316 0.031209
1 0.234171 0.216093 0.0266928 0.0368038
2 0.397061 0.10177 0.0209597 0.0325785
2 0.528598 0.0974546 0.0188475 0.0266692
