1 0.626037 0.814756 0.0656713 0.0881243
1 0.122446 0.725765 0.0620681 0.0888941
1 0.22794 0.697403 0.0524419 0.0787802
1 0.34085 0.734947 0.0486328 0.070204
1 0.417602 0.710774 0.0466732 0.0713985
1 0.604154 0.583551 0.0440315 0.0682625
1 0.448768 0.624673 0.042778 0.0671513
1 0.558705 0.59759 0.0473021 0.0709796
1 0.392509 0.641664 0.058415 0.0730876
1 0.879117 0.0682948 0.0512482 0.0669115
1 0.346917 0.66199 0.0441427 0.0680643
1 0.289073 0.972944 0.0566449 0.0541117
2 0.0860771 0.562704 0.0393308 0.0509455
2 0.276131 0.517966 0.0287242 0.0526731
2 0.307665 0.449522 0.0248105 0.0406638
2 0.256442 0.526331 0.0247456 0.0407903
2 0.302051 0.49321 0.0273362 0.0419906
2 0.382702 0.521074 0.0260303 0.0370463
2 0.338553 0.452481 0.0338169 0.0559731
2 0.374596 0.490782 0.0186005 0.0342669
2 0.399874 0.494179 0.0249452 0.0337403
2 0.0361053 0.570714 0.0247507 0.0418808
2 0.365698 0.439466 0.0231649 0.0479917
2 0.011794 0.600177 0.019462 0.0483096
1 0.422963 0.954072 0.0697578 0.0918554
2 0.343523 0.430257 0.0215612 0.0329076
2 0.0241013 0.589678 0.0235394 0.0399537
2 0.0156423 0.590928 0.0199334 0.042397
2 0.0100304 0.552297 0.0195999 0.0391879
2 0.337636 0.443108 0.0255423 0.0489718
2 0.0649013 0.564268 0.0278972 0.0449874
2 0.010253 0.587988 0.0199594 0.0472167
2 0.0287251 0.582722 0.0193753 0.0385711
