1 0.865716 0.927131 0.0444586 0.0655338
2 0.798461 0.753439 0.0237488 0.0391669
2 0.774664 0.759139 0.0230702 0.0314804
2 0.825842 0.721468 0.0277779 0.0381799
2 0.591369 0.77633 0.0405106 0.0535338
1 0.914223 0.907858 0.0612446 0.0746623
1 0.731659 0.946374 0.0570982 0.0874231
2 0.915331 0.768167 0.028463 0.0384443
2 0.539659 0.780578 0.0266861 0.0396825
2 0.879718 0.656988 0.0182806 0.0308708
2 0.933396 0.738988 0.0265778 0.0348117
2 0.909334 0.736949 0.0297096 0.0322118
1 0.616083 0.960377 0.0551044 0.0792454
2 0.835324 0.674031 0.0218483 0.0368809
1 0.936184 0.97649 0.045866 0.0470209
2 0.900268 0.686791 0.020755 0.0325865
2 0.868876 0.68888 0.0296631 0.0420483
2 0.864682 0.678347 0.0220528 0.0403516
1 0.980505 0.901533 0.03899 0.0599675
2 0.569384 0.780493 0.0275686 0.0403388
2 0.901318 0.664393 0.0229137 0.0332084
2 0.512336 0.814747 0.02263 0.0319358
