0 0.0421446 0.798513 0.0164103 0.0447671
0 0.121795 0.749455 0.0131641 0.0310559
0 0.0800907 0.623363 0.018373 0.0353634
0 0.781009 0.35861 0.0113844 0.0279903
0 0.0723367 0.824699 0.0117699 0.0309349
0 0.0655056 0.770196 0.0116715 0.0393846
0 0.0437264 0.644114 0.012973 0.0294509
0 0.13646 0.621726 0.0118426 0.0287577
0 0.526012 0.0802563 0.0123555 0.0349705
0 0.187017 0.241635 0.0106062 0.0268983
0 0.100332 0.755004 0.0136084 0.0303261
0 0.403179 0.24856 0.0162688 0.0359908
0 0.451148 0.0447465 0.0159 0.0378667
0 0.0344391 0.681621 0.0150507 0.0260351
0 0.43223 0.244397 0.0201005 0.0387625
0 0.775541 0.398344 0.0128748 0.0323815
0 0.47517 0.0633104 0.0138073 0.0322993
0 0.198176 0.227437 0.0114513 0.029688
