0 0.308374 0.703103 0.0132092 0.0331768
0 0.322569 0.338737 0.01487 0.0324797
0 0.242528 0.612806 0.0142063 0.0330912
0 0.385946 0.327532 0.0183618 0.0377468
0 0.272933 0.746116 0.0139295 0.0353737
0 0.276762 0.689858 0.0174554 0.0367544
0 0.216901 0.66106 0.015183 0.0372524
0 0.229944 0.686653 0.0160457 0.0333138
0 0.242082 0.647975 0.0147281 0.030339
0 0.20201 0.746122 0.0184291 0.0338788
0 0.221095 0.623752 0.0160741 0.0388317
0 0.295016 0.315892 0.0178103 0.0342099
2 0.926494 0.977556 0.0256392 0.0421766
0 0.292129 0.326452 0.0201261 0.0484717
0 0.211366 0.630319 0.0126776 0.0305765
0 0.237407 0.644526 0.0186134 0.0319349
