1 0.524056 0.869899 0.0843052 0.115825
1 0.251599 0.728534 0.0773494 0.115253
1 0.161039 0.774649 0.0704726 0.102211
1 0.163919 0.660226 0.0608124 0.101769
1 0.222712 0.62719 0.069208 0.0970581
1 0.477746 0.519725 0.0668634 0.102524
2 0.199559 0.443143 0.0373009 0.0473861
2 0.095735 0.407644 0.0366713 0.0508103
1 0.0278672 0.726922 0.05556 0.107123
1 0.289297 0.59678 0.060177 0.0940626
2 0.465649 0.326719 0.0441818 0.0483439
1 0.420336 0.542571 0.061726 0.0953766
2 0.220302 0.399163 0.0319261 0.0444424
2 0.0406116 0.465284 0.0348031 0.0524604
2 0.100311 0.344723 0.0264393 0.0490775
2 0.0416347 0.354013 0.0576538 0.0423073
1 0.529429 0.465646 0.0564526 0.0763935
2 0.14057 0.352567 0.0411726 0.0714188
2 0.0679609 0.454849 0.0338418 0.0520701
2 0.14715 0.317737 0.0233306 0.0422139
2 0.186537 0.401766 0.0279809 0.0447975
2 0.189881 0.310613 0.0241071 0.0400832
2 0.164439 0.352306 0.0250936 0.0430529
2 0.178259 0.345751 0.0225915 0.0449477
2 0.171525 0.315323 0.0287632 0.04295
2 0.141491 0.364771 0.0360692 0.0484803
2 0.0745876 0.374084 0.0230886 0.0346958
2 0.206269 0.404974 0.0243739 0.0440166
1 0.23666 0.606191 0.0570777 0.0863484
2 0.028669 0.44019 0.0356001 0.0524712
2 0.1701 0.34719 0.0299611 0.0461389
2 0.0597669 0.375948 0.0512956 0.0381744
2 0.0674063 0.425424 0.0264899 0.0350069
2 0.13166 0.337335 0.0285624 0.0460072
2 0.356792 0.378949 0.0415752 0.0398316
