1 0.0656158 0.742194 0.037659 0.0565268
1 0.0390317 0.735177 0.0329233 0.0497279
0 0.746164 0.77346 0.0114158 0.0263658
1 0.0132833 0.731357 0.025853 0.0463206
0 0.727832 0.653085 0.0158924 0.0409815
1 0.0944514 0.747053 0.0403556 0.0589685
0 0.640814 0.638568 0.0124079 0.0306377
0 0.685084 0.646227 0.0103781 0.0283585
0 0.683258 0.685247 0.011998 0.0275826
0 0.718019 0.755978 0.01255 0.0316749
0 0.608465 0.63984 0.012875 0.0460719
0 0.657437 0.652818 0.0121618 0.0273138
0 0.702096 0.614707 0.0112995 0.0275897
0 0.625922 0.68267 0.013753 0.0245104
0 0.626444 0.6204 0.0133572 0.0294518
0 0.755359 0.749245 0.00921898 0.0268745
0 0.677125 0.618293 0.0140162 0.0279852
0 0.716195 0.790447 0.0148838 0.0256579
0 0.763651 0.744102 0.0117205 0.0322434
0 0.814308 0.795248 0.0114693 0.027088
0 0.803572 0.823973 0.0136389 0.02631
