0 0.573207 0.313296 0.0173035 0.0338461
0 0.468881 0.611039 0.0166399 0.0316448
0 0.520143 0.302301 0.0156389 0.0312263
0 0.399564 0.665315 0.0181808 0.034699
0 0.397274 0.610349 0.0129976 0.0283964
0 0.584353 0.343053 0.0176715 0.03168
0 0.342804 0.514525 0.0226447 0.034045
0 0.347134 0.621771 0.0157757 0.0299714
0 0.361081 0.549784 0.0166112 0.0259566
0 0.324532 0.608039 0.0174747 0.0319479
0 0.289449 0.55121 0.0263592 0.0335255
0 0.364758 0.738608 0.0118672 0.0262306
0 0.378578 0.740707 0.0125878 0.0247984
3 0.0488336 0.433969 0.0836023 0.119821
