0 0.744128 0.663627 0.0133972 0.0314181
1 0.0206799 0.616585 0.0310021 0.0491652
0 0.579853 0.582552 0.0124983 0.0294913
0 0.631961 0.538584 0.013937 0.0331575
0 0.579259 0.511401 0.0113061 0.0282643
0 0.555984 0.539431 0.0090889 0.0263317
0 0.373309 0.864283 0.0112276 0.0260496
0 0.657025 0.527372 0.0100288 0.0244455
0 0.645716 0.510449 0.0102154 0.026257
0 0.602718 0.530853 0.0113183 0.0300725
0 0.653411 0.898226 0.0143785 0.0320604
0 0.664311 0.926302 0.0118891 0.0324392
0 0.694219 0.650592 0.0119047 0.0302632
0 0.645858 0.559287 0.011083 0.0282469
0 0.565486 0.523779 0.00948791 0.0229428
0 0.399177 0.859743 0.0128212 0.0302248
0 0.696485 0.629605 0.0111615 0.0287762
0 0.669202 0.546875 0.0100372 0.0261363
1 0.0462529 0.618593 0.0338886 0.0521795
0 0.640134 0.920747 0.0117153 0.0286577
0 0.721408 0.656385 0.0116652 0.0268774
0 0.608905 0.561142 0.0127903 0.0277722
0 0.649984 0.89548 0.0154586 0.0316644
0 0.0866122 0.883523 0.00920489 0.027061
1 0.0740152 0.627001 0.0402395 0.0593996
0 0.608865 0.593561 0.0179465 0.0306489
0 0.65166 0.621967 0.011453 0.0265007
