0 0.180168 0.360574 0.0139846 0.0357949
0 0.157906 0.288919 0.0135722 0.036298
0 0.205982 0.383598 0.016025 0.0343729
0 0.279956 0.351996 0.015549 0.040731
0 0.212947 0.104544 0.0157525 0.0343503
0 0.193071 0.401971 0.0129853 0.0286071
0 0.209696 0.324639 0.012493 0.0271465
0 0.196921 0.304341 0.0108359 0.03162
0 0.186021 0.303206 0.010016 0.0284685
0 0.133429 0.0918364 0.016481 0.0432346
0 0.223868 0.311292 0.01743 0.0275669
0 0.151224 0.0966285 0.0131513 0.0247356
0 0.207868 0.301685 0.0116018 0.0256887
0 0.485003 0.721768 0.0145365 0.035893
2 0.809193 0.549783 0.0244511 0.0390315
