1 0.183206 0.572264 0.0948921 0.0559129
1 0.487191 0.145874 0.0843395 0.0544143
1 0.474363 0.0724558 0.0705844 0.0457088
1 0.595969 0.20939 0.0699503 0.0467753
1 0.608169 0.318829 0.0841501 0.0542727
1 0.602463 0.264786 0.0845327 0.0571128
1 0.581864 0.150869 0.0718604 0.0387987
1 0.25774 0.0690794 0.0880582 0.0647494
1 0.159631 0.0803088 0.0957354 0.0574161
1 0.466637 0.0130004 0.0699364 0.0260008
1 0.502893 0.892757 0.150807 0.106724
2 0.847684 0.474117 0.0338816 0.0470644
2 0.992115 0.378829 0.0157696 0.0882392
