1 0.178409 0.381696 0.0765883 0.0398487
1 0.25755 0.0423918 0.0700664 0.0422161
1 0.443553 0.102939 0.0686239 0.0409375
0 0.5582 0.612404 0.0165095 0.0400559
1 0.175274 0.0477476 0.0758242 0.0435876
1 0.515157 0.106186 0.0547935 0.0386564
0 0.516805 0.615492 0.015654 0.038043
1 0.529401 0.186229 0.0598204 0.0376707
1 0.434302 0.0521017 0.056506 0.0338227
0 0.530224 0.632738 0.0158348 0.0467515
1 0.535975 0.225502 0.0637327 0.0441115
1 0.0168607 0.19161 0.0319106 0.0346531
1 0.523086 0.147599 0.0575659 0.0346452
1 0.431092 0.00887219 0.0561956 0.0177444
