1 0.465787 0.0403577 0.0957323 0.0634234
1 0.0985511 0.581968 0.106152 0.057658
1 0.591097 0.20788 0.0895197 0.0585467
1 0.56988 0.0509633 0.0763005 0.0507533
1 0.583302 0.130317 0.0675501 0.047057
1 0.595538 0.278136 0.087195 0.0642017
2 0.972685 0.0837445 0.0428885 0.0415419
2 0.857793 0.492896 0.0354948 0.0586631
2 0.986041 0.145481 0.0278782 0.0515666
2 0.986162 0.157394 0.025598 0.0336331
2 0.828829 0.330453 0.0306446 0.0504092
2 0.836953 0.368698 0.0322792 0.0544441
2 0.853788 0.441994 0.0423939 0.0609925
2 0.875551 0.579098 0.0353626 0.0542457
