1 0.347165 0.562388 0.0933983 0.0505749
1 0.667805 0.156961 0.081274 0.0486806
1 0.659281 0.0838211 0.0701958 0.0423631
1 0.126786 0.281709 0.094123 0.0522258
1 0.778695 0.284841 0.0866624 0.0556886
1 0.77357 0.230725 0.0717822 0.0437245
1 0.443258 0.0673566 0.0870173 0.0570044
1 0.12427 0.170625 0.0887613 0.0602877
1 0.763444 0.166393 0.0793359 0.042332
1 0.784346 0.338594 0.0886206 0.0511209
1 0.345166 0.0718711 0.0927675 0.0557238
2 0.981654 0.288149 0.0366928 0.0432824
1 0.648947 0.893457 0.150143 0.087822
1 0.527863 0.73853 0.0335481 0.0547013
2 0.989044 0.387321 0.0219116 0.0460599
2 0.991604 0.411973 0.0161837 0.0378554
