0 0.381261 0.81053 0.0141788 0.0385501
0 0.266398 0.465374 0.0150677 0.0398186
0 0.388265 0.476396 0.0150465 0.0398957
0 0.251979 0.408257 0.0138765 0.0374579
0 0.368804 0.765618 0.0172812 0.0448055
0 0.259258 0.583733 0.0156087 0.041028
0 0.847342 0.0651485 0.0175198 0.0350381
0 0.753337 0.0812606 0.0158347 0.0347733
0 0.224378 0.962756 0.017999 0.0484866
0 0.244033 0.352994 0.0119432 0.0368586
0 0.369534 0.172938 0.0129544 0.0312273
0 0.210438 0.99144 0.0160643 0.0171195
0 0.995713 0.312496 0.00857439 0.0393757
