0 0.425919 0.530186 0.0287912 0.042227
0 0.491689 0.530688 0.0274446 0.0312407
0 0.710991 0.709683 0.0282224 0.0392683
0 0.069443 0.787257 0.0396611 0.0488567
0 0.623698 0.377344 0.0232271 0.0546677
0 0.652562 0.609031 0.0351624 0.0374676
0 0.486391 0.451225 0.0204567 0.0346303
0 0.629359 0.944663 0.0279614 0.0470355
0 0.656855 0.399509 0.0379591 0.0572209
0 0.683406 0.933529 0.0370686 0.0398093
0 0.524108 0.720617 0.0220581 0.0312896
0 0.563994 0.730397 0.0248127 0.0311809
0 0.455342 0.454754 0.023389 0.0367791
0 0.591386 0.528383 0.0190247 0.0348451
0 0.570136 0.528862 0.025518 0.0291958
0 0.58229 0.528781 0.0376993 0.0344331
0 0.052079 0.900544 0.041172 0.0473576
