0 0.582354 0.388052 0.0171576 0.0433013
4 0.933724 0.12679 0.0795006 0.0791191
0 0.798687 0.927085 0.0191423 0.0511427
0 0.71035 0.0321995 0.0142806 0.0379546
0 0.714819 0.429712 0.0162708 0.0438176
0 0.930436 0.418944 0.016201 0.0399268
0 0.0816776 0.579329 0.0159975 0.044771
0 0.0581431 0.512193 0.0170092 0.0432581
0 0.768826 0.478646 0.0149709 0.0407286
0 0.630522 0.215969 0.0126924 0.0358875
0 0.653685 0.173502 0.0130505 0.0367742
0 0.307287 0.247007 0.0151326 0.034737
0 0.805649 0.432214 0.0117666 0.0274348
0 0.895492 0.429963 0.0131292 0.0428993
0 0.891723 0.708121 0.0169338 0.0439334
0 0.848499 0.355898 0.0141649 0.0396922
0 0.172476 0.201127 0.0149013 0.0397551
0 0.0299196 0.552995 0.0164893 0.0443554
0 0.935791 0.765611 0.0149937 0.0466541
0 0.55498 0.171003 0.0131086 0.0369017
0 0.373299 0.194417 0.0194376 0.037971
0 0.805795 0.461481 0.0148954 0.0409629
0 0.808406 0.454845 0.0126131 0.0337603
0 0.806189 0.446327 0.0157581 0.0437978
