2 0.664423 0.641877 0.0784344 0.0974288
2 0.723817 0.916754 0.0626833 0.111901
2 0.732972 0.807655 0.0823861 0.103484
2 0.617933 0.571414 0.0836433 0.107474
2 0.595552 0.78679 0.0602302 0.0964575
2 0.679431 0.760947 0.072607 0.0994446
2 0.74922 0.486958 0.062128 0.0945921
2 0.695476 0.671222 0.0732353 0.0897869
2 0.482453 0.466411 0.0627054 0.0902518
2 0.724268 0.465277 0.0483441 0.0798922
2 0.91879 0.630351 0.0649904 0.0846639
2 0.766154 0.604715 0.0745907 0.0871675
2 0.619671 0.7076 0.0857735 0.0878685
2 0.550215 0.491146 0.0655517 0.0782332
2 0.788312 0.952672 0.0337997 0.0915053
2 0.597783 0.545653 0.0800503 0.0927065
2 0.466564 0.435459 0.0656698 0.0898532
2 0.102446 0.111419 0.0763593 0.0919557
2 0.210017 0.169205 0.0471677 0.0622796
2 0.146882 0.152335 0.0765589 0.0954336
2 0.724078 0.574862 0.0770235 0.0843675
2 0.0545668 0.116809 0.0487716 0.0712487
2 0.579807 0.515377 0.0865689 0.0926419
2 0.446732 0.411487 0.063768 0.0886437
2 0.527396 0.475944 0.0586149 0.0800098
2 0.421724 0.390185 0.0537162 0.074427
2 0.887882 0.593945 0.0701214 0.0879513
2 0.803271 0.531568 0.0964886 0.0915627
2 0.0804859 0.0570354 0.0757011 0.089533
2 0.501939 0.465308 0.0520798 0.089613
2 0.764955 0.892018 0.0273074 0.0735345
2 0.0139973 0.0901994 0.0276631 0.0674292
2 0.761916 0.701511 0.0591685 0.0845848
2 0.193998 0.149764 0.0448281 0.0651295
2 0.0509784 0.0419834 0.0549661 0.0605694
2 0.540333 0.38775 0.0476082 0.0558311
