0 0.634313 0.342016 0.0264538 0.0389328
0 0.0980178 0.523839 0.030538 0.0546994
0 0.452072 0.44428 0.0192131 0.0369169
0 0.203531 0.329996 0.0236781 0.0377358
0 0.461175 0.390287 0.0235194 0.0365005
0 0.218094 0.505315 0.0239169 0.0392853
0 0.361513 0.613014 0.021283 0.0366598
0 0.927384 0.242542 0.0502186 0.0738936
0 0.395344 0.64192 0.0289228 0.0304337
0 0.240642 0.443294 0.0317851 0.0322973
0 0.679109 0.0618481 0.0224808 0.0476597
0 0.5123 0.448922 0.0292677 0.0306447
0 0.214843 0.715602 0.0296543 0.0368674
0 0.570584 0.343781 0.0193997 0.0315276
0 0.676767 0.136325 0.0313702 0.0428254
0 0.555432 0.0349462 0.0385696 0.0467454
0 0.211547 0.753189 0.0260168 0.0339332
0 0.242558 0.751664 0.0255623 0.0302743
0 0.404425 0.958016 0.0318258 0.0400906
0 0.653086 0.0960056 0.0343784 0.0364208
0 0.542523 0.00972866 0.0293751 0.0191983
0 0.400061 0.924148 0.0299755 0.0360687
0 0.423005 0.908565 0.0272902 0.0388572
0 0.311878 0.594338 0.0149719 0.0257053
