0 0.667457 0.501238 0.0215283 0.0376591
0 0.528876 0.449742 0.0269474 0.0434989
0 0.0512192 0.738713 0.0217691 0.0325627
0 0.064676 0.658279 0.0268933 0.0415642
0 0.011424 0.71049 0.0217697 0.0432365
0 0.502794 0.692248 0.0270674 0.0355344
0 0.469979 0.38539 0.0281665 0.0419884
0 0.704744 0.56582 0.0256109 0.0389447
0 0.759805 0.69169 0.0318138 0.0382302
0 0.512485 0.656912 0.0238068 0.0346472
0 0.795236 0.82926 0.0339676 0.0423477
0 0.592376 0.602931 0.0286583 0.045603
0 0.0432997 0.770568 0.0253145 0.0343128
0 0.677362 0.563149 0.0264317 0.0395987
0 0.619751 0.776507 0.02388 0.0349219
0 0.655921 0.79153 0.0301375 0.0340755
0 0.0712967 0.95648 0.0167261 0.0286275
0 0.0633628 0.92386 0.0280674 0.0369852
0 0.120364 0.964695 0.0209289 0.0354449
0 0.134932 0.963524 0.0359339 0.0344296
0 0.140574 0.961828 0.0220458 0.0303867
0 0.638532 0.844682 0.0287632 0.0252917
0 0.0522277 0.954076 0.0194047 0.0287751
0 0.00496132 0.766727 0.00987179 0.0435265
0 0.623077 0.85683 0.0168492 0.0203435
0 0.955289 0.435668 0.032472 0.0417267
0 0.633622 0.847758 0.0361662 0.0305758
