0 0.245845 0.308255 0.0166477 0.039073
0 0.529707 0.425185 0.0137733 0.0376545
0 0.583017 0.858508 0.0175008 0.0434732
0 0.219281 0.276721 0.018428 0.0391586
0 0.575974 0.44876 0.0171167 0.0427443
0 0.619694 0.857706 0.0152012 0.0468152
0 0.69209 0.522615 0.0166153 0.0359787
0 0.14689 0.188199 0.0153204 0.0332138
0 0.62763 0.741794 0.0173065 0.0402746
0 0.263183 0.134255 0.0142195 0.0353098
0 0.450654 0.950438 0.0175879 0.0491154
0 0.344218 0.347224 0.0137448 0.0333018
0 0.686049 0.0391158 0.0164612 0.0464671
0 0.459326 0.574328 0.0140631 0.036819
0 0.666206 0.0681743 0.0164302 0.0335937
0 0.718419 0.781055 0.0159452 0.0449607
0 0.728831 0.0392622 0.0205273 0.0422673
0 0.475454 0.586984 0.0171989 0.0408182
0 0.523799 0.385463 0.0136549 0.0382528
0 0.358284 0.343379 0.0107444 0.032943
0 0.841532 0.157192 0.0193867 0.0461765
0 0.733493 0.781082 0.0128826 0.0435703
0 0.992879 0.883935 0.0142416 0.0509695
0 0.561906 0.152151 0.0185705 0.0408812
0 0.727328 0.780135 0.0255854 0.0459973
0 0.664057 0.48235 0.0245322 0.0417303
