0 0.677049 0.699174 0.0301916 0.040518
0 0.60681 0.358326 0.0232861 0.0605072
0 0.449441 0.464351 0.0247369 0.0401428
0 0.436988 0.395954 0.0286655 0.0362458
0 0.51921 0.493648 0.0197309 0.0415812
0 0.428923 0.53889 0.0293331 0.0330944
0 0.472582 0.526993 0.0262642 0.0326235
0 0.587083 0.442536 0.0397284 0.050253
0 0.549678 0.496513 0.0354847 0.0368944
0 0.956181 0.210803 0.0335701 0.0638717
0 0.531818 0.720247 0.0275921 0.0301194
0 0.480183 0.719748 0.0296665 0.0293424
0 0.615136 0.598331 0.0425821 0.0367541
0 0.990409 0.206749 0.0191813 0.0693238
0 0.508955 0.720049 0.0176564 0.0289712
