0 0.147606 0.486548 0.0244201 0.0364832
0 0.799541 0.684471 0.0329741 0.0435804
0 0.828494 0.729344 0.0230942 0.0355723
0 0.766436 0.788063 0.0299459 0.0377997
0 0.267246 0.875987 0.0317736 0.0328903
0 0.314114 0.617228 0.0295581 0.0437794
0 0.93639 0.67344 0.0219919 0.0318959
0 0.938154 0.0477309 0.0290436 0.0362797
0 0.824989 0.506246 0.0235199 0.0406089
0 0.695644 0.724737 0.0232971 0.0413167
0 0.237282 0.475122 0.0277897 0.0370809
0 0.214767 0.89978 0.0214113 0.0265813
0 0.232638 0.568193 0.0324488 0.0419462
0 0.924875 0.944139 0.0287159 0.0450475
0 0.10897 0.849121 0.0427964 0.0424759
0 0.0548783 0.442922 0.0229307 0.0389797
0 0.910762 0.724972 0.0245613 0.0371633
0 0.259132 0.636929 0.0272063 0.0370432
0 0.231042 0.627306 0.0240204 0.0350822
0 0.155207 0.560787 0.036591 0.0317613
0 0.208603 0.834583 0.031988 0.0403438
0 0.192981 0.963972 0.0185806 0.0411854
0 0.0971626 0.966864 0.03632 0.0450578
0 0.175901 0.765874 0.0282472 0.0396466
0 0.939177 0.87053 0.0361841 0.0504973
0 0.254892 0.795817 0.0224781 0.0296652
0 0.813822 0.925441 0.0302439 0.0332525
0 0.164624 0.830986 0.0380152 0.0498068
0 0.292837 0.00940622 0.0314978 0.0188124
0 0.145763 0.737254 0.0374921 0.0383629
0 0.85889 0.604321 0.03675 0.0499275
0 0.868032 0.615568 0.0417511 0.049891
0 0.781797 0.892481 0.0241669 0.0295212
