0 0.321317 0.408546 0.024245 0.0357078
0 0.373309 0.745846 0.0272076 0.0459836
0 0.961358 0.023799 0.030508 0.0419535
0 0.549619 0.458809 0.0278202 0.048193
0 0.511786 0.447755 0.0265547 0.0372972
0 0.583027 0.582438 0.0368427 0.0391207
0 0.291537 0.301465 0.0313993 0.0383286
0 0.427878 0.531804 0.0246431 0.0314484
0 0.646116 0.679604 0.0303595 0.0404308
0 0.408887 0.562275 0.0250996 0.0331597
0 0.408389 0.340914 0.0351246 0.0392078
0 0.423039 0.369133 0.02164 0.0402713
0 0.501831 0.712094 0.0271981 0.0350103
0 0.625697 0.933106 0.0250637 0.0402554
0 0.479529 0.715929 0.0173956 0.0280246
