2 0.575992 0.682518 0.0876934 0.101201
2 0.87009 0.318498 0.0991285 0.0985808
1 0.213485 0.233906 0.225545 0.214998
1 0.285753 0.0704454 0.184737 0.140558
2 0.639581 0.585882 0.0797071 0.105056
2 0.956744 0.360885 0.0743885 0.0690956
2 0.96426 0.308999 0.0714806 0.0787569
2 0.94974 0.403275 0.0835594 0.0640838
2 0.823883 0.21195 0.0795214 0.0539401
2 0.837004 0.395308 0.088876 0.0945132
2 0.518185 0.83736 0.0689474 0.0550495
2 0.970535 0.267413 0.0589298 0.103309
2 0.531093 0.780222 0.0849587 0.0753472
2 0.701606 0.502291 0.0779598 0.0605872
2 0.90338 0.221953 0.0774633 0.108972
2 0.557739 0.756898 0.0534954 0.0500875
2 0.469005 0.948723 0.0436379 0.0907782
