1 0.0589361 0.0564666 0.117872 0.111139
1 0.061875 0.550238 0.123423 0.115232
1 0.273111 0.834352 0.163036 0.103437
1 0.0759668 0.795647 0.151934 0.117264
1 0.285117 0.473645 0.204301 0.122811
2 0.873192 0.038986 0.0811943 0.076851
2 0.932098 0.597446 0.0692961 0.042187
2 0.947491 0.855987 0.0766493 0.0571482
2 0.958163 0.810784 0.0717205 0.0426755
1 0.253238 0.29062 0.174928 0.112033
0 0.850294 0.191872 0.0365273 0.0671161
2 0.964357 0.771433 0.0701191 0.0454875
2 0.96055 0.723372 0.0743229 0.0398507
2 0.930919 0.553923 0.0681747 0.0509591
2 0.954034 0.68451 0.0704285 0.039432
0 0.892385 0.268945 0.0354311 0.0637299
2 0.94536 0.966517 0.0803118 0.0602593
2 0.928876 0.636207 0.0828476 0.0557866
2 0.927141 0.517323 0.0568666 0.0359946
2 0.923009 0.105575 0.0613064 0.060775
2 0.91939 0.0709232 0.0509827 0.0406839
2 0.866059 0.976594 0.0728764 0.0467569
