2 0.585294 0.566906 0.0633661 0.115358
2 0.600237 0.73456 0.0652603 0.0839789
2 0.612854 0.330109 0.0738607 0.0908641
2 0.779184 0.0808252 0.0903696 0.0683844
2 0.6801 0.0602873 0.0917623 0.0643629
2 0.771047 0.0424361 0.0745832 0.0409068
2 0.598758 0.440377 0.042769 0.103711
1 0.102218 0.421254 0.204437 0.133535
1 0.0912106 0.215847 0.182421 0.123543
2 0.962411 0.155942 0.0709379 0.0388326
2 0.608041 0.869847 0.0710228 0.112554
2 0.590116 0.675015 0.0821302 0.123043
2 0.964211 0.0792092 0.071579 0.0468633
2 0.597416 0.0169506 0.0854145 0.0336643
2 0.680353 0.149594 0.0825443 0.0540538
2 0.966553 0.114845 0.0668947 0.0387985
2 0.616631 0.971183 0.0568796 0.0576345
0 0.249407 0.73323 0.0142186 0.0327351
2 0.76464 0.00848859 0.0585209 0.0155469
2 0.862768 0.0089959 0.0798378 0.0178903
2 0.599075 0.647995 0.0515056 0.0589676
