1 0.394654 0.161533 0.157621 0.094202
1 0.388168 0.031357 0.127648 0.0624408
1 0.582716 0.420693 0.15479 0.0884199
2 0.960835 0.309953 0.0601048 0.0600337
1 0.580261 0.304558 0.124605 0.0783175
1 0.585163 0.536796 0.160079 0.10305
1 0.576007 0.189338 0.14924 0.08934
0 0.726998 0.35451 0.0249286 0.0558711
2 0.970529 0.445761 0.0589417 0.0699037
2 0.979519 0.643908 0.0409613 0.0790862
2 0.983974 0.500946 0.0320517 0.062371
2 0.984454 0.564582 0.0300423 0.0814891
2 0.983914 0.713376 0.0321243 0.0698502
