1 0.271192 0.651454 0.11907 0.0953085
1 0.830786 0.162152 0.0921766 0.130089
1 0.422803 0.200694 0.11113 0.0847321
1 0.731661 0.116989 0.0894853 0.122851
1 0.883111 0.18399 0.095434 0.134313
1 0.781085 0.136533 0.0926216 0.127238
1 0.406213 0.246402 0.114586 0.0887979
1 0.297945 0.542826 0.117735 0.0867927
1 0.940521 0.207791 0.0840994 0.123886
1 0.227632 0.827637 0.115812 0.0942584
1 0.33933 0.390018 0.115562 0.089447
1 0.389738 0.299528 0.115405 0.10438
1 0.252719 0.765737 0.126539 0.102633
1 0.30957 0.492509 0.115046 0.0831428
1 0.281808 0.594219 0.119583 0.0954049
1 0.611211 0.229429 0.108327 0.0757077
1 0.32589 0.444735 0.115276 0.0866916
1 0.205905 0.955624 0.132523 0.0885091
1 0.971117 0.233917 0.057765 0.129503
