1 0.0930382 0.883197 0.185692 0.22937
2 0.380377 0.246669 0.0736304 0.092728
2 0.516618 0.507041 0.0610597 0.103495
2 0.574567 0.732211 0.0398279 0.102193
2 0.751402 0.172675 0.0759352 0.0725459
2 0.540982 0.615228 0.0525002 0.10159
2 0.516385 0.142199 0.0804369 0.0911046
2 0.539312 0.186009 0.0643383 0.0639842
2 0.651194 0.867709 0.0435785 0.0892467
2 0.466343 0.448666 0.0718829 0.0944446
2 0.568974 0.207575 0.0855408 0.0953947
2 0.619342 0.817738 0.053484 0.121287
2 0.572243 0.039322 0.0808003 0.0750156
2 0.603005 0.091403 0.0867775 0.0942936
2 0.473313 0.249316 0.0890556 0.093003
2 0.488829 0.107697 0.0890005 0.0928225
2 0.731071 0.109475 0.0813974 0.0804148
2 0.745146 0.136819 0.077314 0.0747195
2 0.51257 0.315638 0.0897367 0.0822532
2 0.4262 0.166263 0.0764778 0.0605865
2 0.702612 0.970558 0.0679207 0.0588831
2 0.66138 0.0261266 0.092144 0.0521045
2 0.458291 0.0224373 0.0770752 0.0444594
0 0.390547 0.454728 0.0199737 0.0425789
1 0.0411017 0.729877 0.0822035 0.21316
0 0.407337 0.424682 0.0211308 0.0428259
