2 0.0544609 0.0518231 0.0801105 0.102274
2 0.382299 0.100789 0.069307 0.0884716
2 0.169579 0.203089 0.0714717 0.100417
2 0.239188 0.11731 0.0881194 0.113732
2 0.192383 0.0806486 0.078564 0.101286
2 0.0667758 0.357413 0.0574453 0.102446
2 0.323814 0.637225 0.0773203 0.103548
2 0.159301 0.319487 0.0799036 0.106362
2 0.0808092 0.0848658 0.09485 0.122752
2 0.389612 0.731736 0.0616035 0.104887
2 0.204345 0.231644 0.0610672 0.0804436
2 0.216779 0.36944 0.0888563 0.108937
2 0.397943 0.134685 0.0643335 0.0877374
2 0.363827 0.0832271 0.0762081 0.0980081
2 0.23845 0.242386 0.0666841 0.108999
2 0.134778 0.181041 0.0830326 0.111092
2 0.585782 0.912119 0.0931352 0.0771487
2 0.270882 0.547432 0.036615 0.0947347
2 0.0355244 0.0314522 0.0710487 0.0629045
2 0.0898846 0.258709 0.0864268 0.0936136
2 0.451717 0.795297 0.0620058 0.118447
2 0.496512 0.825496 0.026405 0.085922
2 0.273028 0.0376065 0.100042 0.0750089
2 0.206148 0.514448 0.0516748 0.105045
2 0.654093 0.973039 0.0476225 0.0534383
2 0.2207 0.00945353 0.0474536 0.0177813
