1 0.864961 0.0867716 0.100637 0.147289
1 0.8106 0.0623701 0.0986915 0.12474
1 0.316718 0.377495 0.127294 0.102103
1 0.369949 0.263906 0.128895 0.104336
1 0.196029 0.928082 0.129265 0.103803
1 0.282305 0.507229 0.126897 0.0869415
1 0.223521 0.847256 0.135158 0.109718
1 0.272293 0.571503 0.131853 0.0926527
1 0.922107 0.116726 0.107345 0.162011
1 0.748862 0.0498987 0.0869276 0.0997975
1 0.251557 0.637341 0.128791 0.101158
1 0.241067 0.704909 0.133966 0.103674
1 0.617671 0.174924 0.123735 0.0829101
1 0.389061 0.198183 0.124224 0.0952384
1 0.405838 0.141313 0.124981 0.095266
1 0.969451 0.144215 0.061002 0.142643
1 0.296284 0.447006 0.125517 0.0952114
