1 0.0518956 0.0537149 0.103791 0.103724
2 0.682998 0.291665 0.0759748 0.0906748
1 0.239804 0.199317 0.140544 0.0899993
2 0.787828 0.850151 0.0628561 0.104074
1 0.256196 0.3375 0.168732 0.119466
2 0.74687 0.649714 0.0511368 0.0776043
2 0.712525 0.531215 0.0419235 0.0869111
2 0.710797 0.35504 0.0643261 0.0919169
2 0.728443 0.604452 0.0575075 0.0823902
2 0.772013 0.749417 0.0831376 0.112066
1 0.202146 0.0511585 0.130007 0.0905345
2 0.656873 0.142847 0.0636283 0.058486
2 0.708346 0.4361 0.031883 0.0837254
1 0.27075 0.476919 0.163532 0.107996
2 0.78575 0.103262 0.0481186 0.0399313
2 0.940014 0.0483737 0.0703438 0.0626477
2 0.798413 0.135053 0.0513288 0.0385303
2 0.966253 0.189554 0.0489538 0.0351355
2 0.969019 0.159248 0.0472054 0.0367459
2 0.805153 0.16092 0.0439732 0.0386118
2 0.738524 0.224048 0.0573061 0.0475747
2 0.773799 0.064689 0.0608175 0.0472149
2 0.863656 0.089243 0.0582296 0.0467623
2 0.726438 0.151866 0.0473315 0.0434335
2 0.981651 0.136219 0.0350542 0.048942
2 0.971195 0.18392 0.0569351 0.0511574
2 0.710209 0.0852276 0.0546595 0.0419831
2 0.841821 0.0456344 0.0386118 0.0404784
2 0.916905 0.00850126 0.0553177 0.0170025
2 0.804128 0.151925 0.0510879 0.0550668
2 0.967791 0.13728 0.0565138 0.0472609
0 0.441898 0.7026 0.0157452 0.0349631
