0 0.670569 0.586933 0.0162868 0.0396374
0 0.689659 0.582072 0.0184086 0.0438257
0 0.585608 0.291531 0.0168267 0.0394697
0 0.722312 0.610905 0.0217058 0.0401309
0 0.661491 0.624612 0.0203513 0.0436547
0 0.611478 0.627272 0.0205155 0.0413826
0 0.664712 0.324218 0.0203165 0.0441965
0 0.622322 0.325306 0.0171311 0.0392148
0 0.613702 0.66312 0.0168449 0.0342915
0 0.677127 0.285984 0.0135087 0.0317215
0 0.623702 0.296886 0.0155326 0.0307117
0 0.5537 0.568024 0.019394 0.032331
0 0.65356 0.296688 0.0136832 0.0307713
