2 0.869235 0.152713 0.0553143 0.0427398
2 0.860572 0.195005 0.0633732 0.0501171
2 0.877401 0.0838796 0.0555052 0.0476924
2 0.848221 0.650432 0.0580856 0.0322332
2 0.843023 0.446312 0.0683746 0.0448489
2 0.863651 0.404476 0.0452431 0.0424984
2 0.860471 0.11683 0.0466173 0.0372953
2 0.838116 0.779936 0.0506989 0.0311472
2 0.851286 0.674562 0.0461941 0.0257009
2 0.881054 0.0311999 0.0565113 0.059134
2 0.856535 0.697029 0.0290176 0.0222986
2 0.866826 0.369885 0.0313435 0.0319915
2 0.84833 0.747295 0.0356632 0.027692
2 0.845012 0.757409 0.0393513 0.0251667
