0 0.51623 0.201216 0.0221632 0.0422071
0 0.712145 0.160691 0.0256688 0.0450013
0 0.574696 0.245279 0.0243547 0.0407779
0 0.633373 0.345544 0.0218185 0.0381355
0 0.757978 0.960621 0.0261589 0.0421742
0 0.646543 0.98494 0.0211905 0.0292612
0 0.673982 0.214697 0.0225468 0.0466102
0 0.751515 0.0276954 0.0263569 0.0553908
0 0.639047 0.41985 0.0207754 0.0398253
0 0.85163 0.983002 0.0180183 0.0334469
0 0.634959 0.388158 0.0238821 0.0355843
0 0.691242 0.986108 0.018576 0.0277102
0 0.682837 0.929686 0.0161161 0.0401902
0 0.678143 0.945784 0.0196674 0.0315343
0 0.53424 0.919499 0.0215528 0.0296092
0 0.675032 0.958166 0.018914 0.0389686
0 0.684947 0.987622 0.026181 0.0247552
