0 0.801939 0.790967 0.0250658 0.0429668
0 0.682869 0.079559 0.0220219 0.047306
0 0.45838 0.576107 0.021125 0.052641
0 0.717371 0.165161 0.0186334 0.0443373
0 0.742953 0.671553 0.0214787 0.0438572
0 0.797732 0.71123 0.0165445 0.0339158
0 0.669811 0.180268 0.0242523 0.0425221
0 0.741288 0.160108 0.0190041 0.0396346
0 0.484308 0.692472 0.0356464 0.0508484
0 0.777764 0.718304 0.022534 0.0412047
0 0.721243 0.161945 0.015394 0.0457419
0 0.743353 0.0981781 0.0294064 0.0424069
0 0.712275 0.165595 0.0205543 0.0467142
0 0.738891 0.71473 0.0177486 0.0311369
0 0.792597 0.737715 0.0163054 0.0385506
0 0.741866 0.682024 0.0194029 0.0332754
0 0.73938 0.118274 0.0207647 0.0353174
