1 0.25839 0.793003 0.123892 0.194999
2 0.206748 0.0786517 0.0577768 0.0460244
2 0.212812 0.111676 0.0592319 0.0527774
2 0.200124 0.0334959 0.0585737 0.0478884
2 0.228452 0.240905 0.0523366 0.0376875
2 0.225339 0.217527 0.0531821 0.0341101
2 0.221284 0.165331 0.0484616 0.0373921
2 0.0120031 0.126124 0.0240061 0.0495901
2 0.220992 0.140692 0.0584276 0.0378465
0 0.44573 0.396989 0.0225812 0.0579373
2 0.0199289 0.195775 0.0392116 0.0459912
2 0.0285629 0.259849 0.049793 0.0258331
2 0.0128 0.170608 0.0254646 0.0423907
2 0.0256114 0.286542 0.0504233 0.0321426
0 0.604283 0.555531 0.0206177 0.0488703
2 0.02423 0.236579 0.0441958 0.031537
2 0.0210021 0.2288 0.0411469 0.0379932
2 0.0198453 0.214228 0.0387161 0.0373383
0 0.830987 0.0708513 0.0129974 0.0336122
0 0.817947 0.0813477 0.014172 0.0314042
