1 0.663872 0.654355 0.0424572 0.0851234
1 0.524153 0.64604 0.0429676 0.0822301
1 0.775505 0.389751 0.0440638 0.0596812
1 0.936166 0.594496 0.0461868 0.0716641
1 0.483963 0.391902 0.0373518 0.0715134
1 0.686282 0.454995 0.0347196 0.0502051
1 0.72386 0.394496 0.0355993 0.0481308
1 0.595475 0.389302 0.0354729 0.0499383
2 0.517779 0.249011 0.0213123 0.0371093
2 0.829042 0.264319 0.0183718 0.0292932
2 0.69417 0.263701 0.0262499 0.0376682
2 0.500715 0.249991 0.0215589 0.0377811
2 0.719514 0.260268 0.0208181 0.040698
2 0.4723 0.249394 0.0192553 0.0381872
1 0.842411 0.39205 0.0302006 0.0490961
2 0.452697 0.228944 0.0179873 0.0316914
2 0.855443 0.268136 0.0216192 0.0365731
2 0.449911 0.26692 0.0241576 0.0398737
2 0.434436 0.246354 0.018606 0.0362591
2 0.781762 0.211779 0.0170073 0.0357825
2 0.795349 0.213003 0.0179186 0.0353742
2 0.756018 0.239639 0.0231295 0.0457538
2 0.841354 0.26879 0.0178394 0.0348938
2 0.811086 0.226077 0.018898 0.0406836
2 0.437662 0.264823 0.021315 0.037273
2 0.842525 0.241152 0.0167118 0.0294687
2 0.827692 0.214653 0.0161201 0.0445511
2 0.436611 0.253494 0.0205677 0.0414991
2 0.815076 0.228051 0.0162361 0.0413316
2 0.825781 0.289496 0.0227299 0.0343065
2 0.841236 0.229702 0.0178997 0.0359896
1 0.964822 0.391385 0.0291794 0.0484065
1 0.768951 0.453501 0.0342634 0.0576811
2 0.80793 0.220885 0.0167566 0.0411277
2 0.861185 0.266852 0.0245901 0.0407808
