1 0.202471 0.910159 0.104471 0.156295
1 0.310203 0.729499 0.110392 0.167015
1 0.656828 0.0633192 0.0860302 0.126638
2 0.196888 0.0961469 0.0374245 0.0575604
2 0.0933005 0.201548 0.0520796 0.044782
2 0.0614733 0.10998 0.0338334 0.056079
2 0.294622 0.300338 0.0468625 0.0313586
2 0.275285 0.136526 0.0522435 0.043165
2 0.280403 0.169999 0.0502326 0.0399447
2 0.112648 0.330994 0.0475056 0.0279493
2 0.281903 0.0525401 0.0473021 0.0378125
2 0.0431643 0.242682 0.0458268 0.0507707
2 0.158477 0.0973417 0.0280818 0.0598017
2 0.284489 0.199708 0.0500766 0.0405517
2 0.0400531 0.184824 0.0514417 0.0351022
2 0.0975007 0.236787 0.0430681 0.0381659
2 0.290157 0.0773044 0.0460563 0.0332529
2 0.0367606 0.159306 0.0475532 0.0335386
2 0.291427 0.237791 0.0459724 0.0372547
2 0.10784 0.257885 0.0469142 0.0323244
2 0.272526 0.0149201 0.0473219 0.028049
2 0.292313 0.279449 0.0462336 0.0335628
2 0.289813 0.220493 0.0496337 0.0317167
2 0.248802 0.0901017 0.0288764 0.0538523
2 0.0399407 0.20939 0.0475491 0.030303
2 0.115841 0.305543 0.0450742 0.0279062
2 0.114649 0.285411 0.0402068 0.0327699
2 0.00785021 0.120074 0.0155318 0.0422918
1 0.855658 0.0375563 0.0676985 0.0751127
2 0.287311 0.212205 0.052536 0.0315929
2 0.104493 0.25056 0.0469842 0.0350261
2 0.113463 0.299038 0.0435864 0.0254219
