1 0.666323 0.34154 0.120896 0.213335
2 0.157093 0.639883 0.0694445 0.0546626
2 0.148341 0.590845 0.0662757 0.0537648
2 0.178971 0.822087 0.0625558 0.0454757
2 0.136898 0.359878 0.063717 0.0520399
2 0.0969828 0.429022 0.0329047 0.0713581
2 0.0258017 0.448418 0.0516035 0.0793936
2 0.123366 0.278749 0.0611093 0.0385675
2 0.150893 0.397831 0.0594488 0.0449307
2 0.166955 0.681559 0.0659154 0.0431867
2 0.10843 0.230177 0.0649894 0.036027
2 0.16775 0.712288 0.0595967 0.0510969
2 0.136728 0.52434 0.0676728 0.0571922
2 0.17559 0.794195 0.0625146 0.0410466
2 0.140664 0.559143 0.052997 0.0438032
2 0.072937 0.0302047 0.0780766 0.039046
2 0.0829328 0.105277 0.056137 0.034739
0 0.838452 0.127924 0.0220253 0.0480834
0 0.467727 0.83601 0.0120199 0.0321383
2 0.111678 0.26011 0.0527815 0.0468708
