1 0.498248 0.706531 0.0642769 0.0957665
1 0.367509 0.940428 0.0727642 0.104534
1 0.68475 0.494037 0.0545765 0.0777194
2 0.0208328 0.852936 0.0386748 0.0274251
2 0.023097 0.879164 0.0328338 0.026601
2 0.0527014 0.967839 0.0365189 0.0350959
2 0.0433897 0.939295 0.0354127 0.0274556
2 0.0580761 0.986513 0.0403887 0.0269736
2 0.0380172 0.919198 0.0375208 0.0262564
1 0.335211 0.22343 0.0712285 0.0454717
1 0.328907 0.229003 0.0921728 0.0590869
2 0.0276057 0.985531 0.027163 0.0289376
3 0.0947155 0.475038 0.0492992 0.0831422
